{
 "cells": [
  {
   "cell_type": "code",
   "execution_count": 1,
   "id": "2c88c679",
   "metadata": {},
   "outputs": [
    {
     "name": "stdout",
     "output_type": "stream",
     "text": [
      "Jupyter environment detected. Enabling Open3D WebVisualizer.\n",
      "[Open3D INFO] WebRTC GUI backend enabled.\n",
      "[Open3D INFO] WebRTCWindowSystem: HTTP handshake server disabled.\n",
      "[Open3D INFO] WebRTC GUI backend enabled.\n"
     ]
    },
    {
     "ename": "RuntimeError",
     "evalue": "\u001b[1;31m[Open3D Error] (void open3d::visualization::gui::Application::SetWindowSystem(std::shared_ptr<open3d::visualization::gui::WindowSystem>)) /root/Open3D/cpp/open3d/visualization/gui/Application.cpp:348: Cannot set WindowSystem. It is already set.\n\u001b[0;m",
     "output_type": "error",
     "traceback": [
      "\u001b[31m---------------------------------------------------------------------------\u001b[39m",
      "\u001b[31mRuntimeError\u001b[39m                              Traceback (most recent call last)",
      "\u001b[36mCell\u001b[39m\u001b[36m \u001b[39m\u001b[32mIn[1]\u001b[39m\u001b[32m, line 2\u001b[39m\n\u001b[32m      1\u001b[39m \u001b[38;5;28;01mimport\u001b[39;00m\u001b[38;5;250m \u001b[39m\u001b[34;01mopen3d\u001b[39;00m\u001b[34;01m.\u001b[39;00m\u001b[34;01mvisualization\u001b[39;00m\u001b[34;01m.\u001b[39;00m\u001b[34;01mwebrtc_server\u001b[39;00m\u001b[38;5;250m \u001b[39m\u001b[38;5;28;01mas\u001b[39;00m\u001b[38;5;250m \u001b[39m\u001b[34;01mwebrtc\u001b[39;00m\n\u001b[32m----> \u001b[39m\u001b[32m2\u001b[39m \u001b[43mwebrtc\u001b[49m\u001b[43m.\u001b[49m\u001b[43menable_webrtc\u001b[49m\u001b[43m(\u001b[49m\u001b[43m)\u001b[49m\n",
      "\u001b[31mRuntimeError\u001b[39m: \u001b[1;31m[Open3D Error] (void open3d::visualization::gui::Application::SetWindowSystem(std::shared_ptr<open3d::visualization::gui::WindowSystem>)) /root/Open3D/cpp/open3d/visualization/gui/Application.cpp:348: Cannot set WindowSystem. It is already set.\n\u001b[0;m"
     ]
    }
   ],
   "source": [
    "\n",
    "import open3d.visualization.webrtc_server as webrtc\n",
    "webrtc.enable_webrtc()"
   ]
  },
  {
   "cell_type": "code",
   "execution_count": 10,
   "id": "95e0ea2f",
   "metadata": {},
   "outputs": [
    {
     "name": "stdout",
     "output_type": "stream",
     "text": [
      "[debug] Listening for snapshots...\n",
      "\n",
      "===== NEW SNAPSHOT =====\n",
      "TAGS:\n",
      "  id=1\n",
      "[[1. 0. 0. 0.]\n",
      " [0. 1. 0. 0.]\n",
      " [0. 0. 1. 0.]\n",
      " [0. 0. 0. 1.]]\n",
      "  id=4\n",
      "[[-0.97244721  0.15937183  0.17013832 -0.58156205]\n",
      " [ 0.18043495  0.05242796  0.98218865 -0.71534656]\n",
      " [ 0.1476132   0.98582551 -0.07973967  0.075     ]\n",
      " [ 0.          0.          0.          1.        ]]\n",
      "  id=5\n",
      "[[-0.45176902 -0.78065377  0.43183846 -1.4760815 ]\n",
      " [-0.36350773  0.6031213   0.71000481 -0.8413568 ]\n",
      " [-0.8147189   0.16378156 -0.55624519  0.43905072]\n",
      " [ 0.          0.          0.          1.        ]]\n",
      "CAMERAS:\n",
      "  cam=kreo1\n",
      "[[ 0.97685399 -0.19022875  0.09782279  0.34920346]\n",
      " [-0.19796254 -0.63071563  0.75033901 -1.25481718]\n",
      " [-0.08103769 -0.75233691 -0.65377524  1.89020359]\n",
      " [ 0.          0.          0.          1.        ]]\n",
      "\n",
      "===== NEW SNAPSHOT =====\n",
      "TAGS:\n",
      "  id=1\n",
      "[[1. 0. 0. 0.]\n",
      " [0. 1. 0. 0.]\n",
      " [0. 0. 1. 0.]\n",
      " [0. 0. 0. 1.]]\n",
      "  id=4\n",
      "[[-0.97244721  0.15937183  0.17013832 -0.58156205]\n",
      " [ 0.18043495  0.05242796  0.98218865 -0.71534656]\n",
      " [ 0.1476132   0.98582551 -0.07973967  0.075     ]\n",
      " [ 0.          0.          0.          1.        ]]\n",
      "  id=5\n",
      "[[-0.45176902 -0.78065377  0.43183846 -1.4760815 ]\n",
      " [-0.36350773  0.6031213   0.71000481 -0.8413568 ]\n",
      " [-0.8147189   0.16378156 -0.55624519  0.43905072]\n",
      " [ 0.          0.          0.          1.        ]]\n",
      "CAMERAS:\n",
      "  cam=kreo1\n",
      "[[-0.99111749 -0.06837013 -0.11406864 -0.27783943]\n",
      " [ 0.12017594 -0.82778111 -0.54802936  1.03984699]\n",
      " [-0.05695503 -0.55686979  0.82864477 -2.1686241 ]\n",
      " [ 0.          0.          0.          1.        ]]\n",
      "\n",
      "===== NEW SNAPSHOT =====\n",
      "TAGS:\n",
      "  id=1\n",
      "[[1. 0. 0. 0.]\n",
      " [0. 1. 0. 0.]\n",
      " [0. 0. 1. 0.]\n",
      " [0. 0. 0. 1.]]\n",
      "  id=4\n",
      "[[-0.97244721  0.15937183  0.17013832 -0.58156205]\n",
      " [ 0.18043495  0.05242796  0.98218865 -0.71534656]\n",
      " [ 0.1476132   0.98582551 -0.07973967  0.075     ]\n",
      " [ 0.          0.          0.          1.        ]]\n",
      "  id=5\n",
      "[[-0.45176902 -0.78065377  0.43183846 -1.4760815 ]\n",
      " [-0.36350773  0.6031213   0.71000481 -0.8413568 ]\n",
      " [-0.8147189   0.16378156 -0.55624519  0.43905072]\n",
      " [ 0.          0.          0.          1.        ]]\n",
      "CAMERAS:\n",
      "  cam=kreo1\n",
      "[[-7.47096148e-01 -6.44398176e-01  1.63089965e-01 -1.56147715e+00]\n",
      " [ 6.29285557e-01 -7.64689441e-01 -1.38743457e-01 -1.20303723e+00]\n",
      " [ 2.14119204e-01 -1.02454282e-03  9.76807001e-01 -2.46187711e+00]\n",
      " [ 0.00000000e+00  0.00000000e+00  0.00000000e+00  1.00000000e+00]]\n",
      "\n",
      "===== NEW SNAPSHOT =====\n",
      "TAGS:\n",
      "  id=1\n",
      "[[1. 0. 0. 0.]\n",
      " [0. 1. 0. 0.]\n",
      " [0. 0. 1. 0.]\n",
      " [0. 0. 0. 1.]]\n",
      "  id=4\n",
      "[[-0.97244721  0.15937183  0.17013832 -0.58156205]\n",
      " [ 0.18043495  0.05242796  0.98218865 -0.71534656]\n",
      " [ 0.1476132   0.98582551 -0.07973967  0.075     ]\n",
      " [ 0.          0.          0.          1.        ]]\n",
      "  id=5\n",
      "[[-0.45176902 -0.78065377  0.43183846 -1.4760815 ]\n",
      " [-0.36350773  0.6031213   0.71000481 -0.8413568 ]\n",
      " [-0.8147189   0.16378156 -0.55624519  0.43905072]\n",
      " [ 0.          0.          0.          1.        ]]\n",
      "CAMERAS:\n",
      "  cam=kreo1\n",
      "[[ 0.97674902 -0.18878383  0.10159737  0.33836217]\n",
      " [-0.19867861 -0.61903394  0.75981826 -1.2773173 ]\n",
      " [-0.08054918 -0.76233696 -0.6421481   1.86372875]\n",
      " [ 0.          0.          0.          1.        ]]\n",
      "\n",
      "===== NEW SNAPSHOT =====\n",
      "TAGS:\n",
      "  id=1\n",
      "[[1. 0. 0. 0.]\n",
      " [0. 1. 0. 0.]\n",
      " [0. 0. 1. 0.]\n",
      " [0. 0. 0. 1.]]\n",
      "  id=4\n",
      "[[-0.97244721  0.15937183  0.17013832 -0.58156205]\n",
      " [ 0.18043495  0.05242796  0.98218865 -0.71534656]\n",
      " [ 0.1476132   0.98582551 -0.07973967  0.075     ]\n",
      " [ 0.          0.          0.          1.        ]]\n",
      "  id=5\n",
      "[[-0.45176902 -0.78065377  0.43183846 -1.4760815 ]\n",
      " [-0.36350773  0.6031213   0.71000481 -0.8413568 ]\n",
      " [-0.8147189   0.16378156 -0.55624519  0.43905072]\n",
      " [ 0.          0.          0.          1.        ]]\n",
      "CAMERAS:\n",
      "  cam=kreo1\n",
      "[[-0.97435273  0.17352877 -0.14326383 -0.2472568 ]\n",
      " [ 0.21982082  0.59784665 -0.77088144  1.36486165]\n",
      " [-0.04812031 -0.7826028  -0.62065875  2.02622872]\n",
      " [ 0.          0.          0.          1.        ]]\n",
      "\n",
      "===== NEW SNAPSHOT =====\n",
      "TAGS:\n",
      "  id=1\n",
      "[[1. 0. 0. 0.]\n",
      " [0. 1. 0. 0.]\n",
      " [0. 0. 1. 0.]\n",
      " [0. 0. 0. 1.]]\n",
      "  id=4\n",
      "[[-0.97244721  0.15937183  0.17013832 -0.58156205]\n",
      " [ 0.18043495  0.05242796  0.98218865 -0.71534656]\n",
      " [ 0.1476132   0.98582551 -0.07973967  0.075     ]\n",
      " [ 0.          0.          0.          1.        ]]\n",
      "  id=5\n",
      "[[-0.45176902 -0.78065377  0.43183846 -1.4760815 ]\n",
      " [-0.36350773  0.6031213   0.71000481 -0.8413568 ]\n",
      " [-0.8147189   0.16378156 -0.55624519  0.43905072]\n",
      " [ 0.          0.          0.          1.        ]]\n",
      "CAMERAS:\n",
      "  cam=kreo1\n",
      "[[-0.7384616  -0.6527965   0.16891181 -1.58755524]\n",
      " [ 0.64146604 -0.75732066 -0.12242033 -1.25544214]\n",
      " [ 0.20783596  0.01794848  0.97799901 -2.44794941]\n",
      " [ 0.          0.          0.          1.        ]]\n",
      "\n",
      "===== NEW SNAPSHOT =====\n",
      "TAGS:\n",
      "  id=1\n",
      "[[1. 0. 0. 0.]\n",
      " [0. 1. 0. 0.]\n",
      " [0. 0. 1. 0.]\n",
      " [0. 0. 0. 1.]]\n",
      "  id=4\n",
      "[[-0.97244721  0.15937183  0.17013832 -0.58156205]\n",
      " [ 0.18043495  0.05242796  0.98218865 -0.71534656]\n",
      " [ 0.1476132   0.98582551 -0.07973967  0.075     ]\n",
      " [ 0.          0.          0.          1.        ]]\n",
      "  id=5\n",
      "[[-0.45176902 -0.78065377  0.43183846 -1.4760815 ]\n",
      " [-0.36350773  0.6031213   0.71000481 -0.8413568 ]\n",
      " [-0.8147189   0.16378156 -0.55624519  0.43905072]\n",
      " [ 0.          0.          0.          1.        ]]\n",
      "CAMERAS:\n",
      "  cam=kreo1\n",
      "[[ 0.97331406 -0.19622218  0.11898151  0.30374775]\n",
      " [-0.21538971 -0.60230573  0.76865798 -1.30833737]\n",
      " [-0.0791645  -0.77377301 -0.62849687  1.83342169]\n",
      " [ 0.          0.          0.          1.        ]]\n",
      "\n",
      "===== NEW SNAPSHOT =====\n",
      "TAGS:\n",
      "  id=1\n",
      "[[1. 0. 0. 0.]\n",
      " [0. 1. 0. 0.]\n",
      " [0. 0. 1. 0.]\n",
      " [0. 0. 0. 1.]]\n",
      "  id=4\n",
      "[[-0.97244721  0.15937183  0.17013832 -0.58156205]\n",
      " [ 0.18043495  0.05242796  0.98218865 -0.71534656]\n",
      " [ 0.1476132   0.98582551 -0.07973967  0.075     ]\n",
      " [ 0.          0.          0.          1.        ]]\n",
      "  id=5\n",
      "[[-0.45176902 -0.78065377  0.43183846 -1.4760815 ]\n",
      " [-0.36350773  0.6031213   0.71000481 -0.8413568 ]\n",
      " [-0.8147189   0.16378156 -0.55624519  0.43905072]\n",
      " [ 0.          0.          0.          1.        ]]\n",
      "CAMERAS:\n",
      "  cam=kreo1\n",
      "[[-0.98946486 -0.07614728 -0.12312953 -0.25063134]\n",
      " [ 0.13137264 -0.82963115 -0.54263558  1.02358378]\n",
      " [-0.06083187 -0.55309469  0.83089454 -2.17441299]\n",
      " [ 0.          0.          0.          1.        ]]\n",
      "\n",
      "===== NEW SNAPSHOT =====\n",
      "TAGS:\n",
      "  id=1\n",
      "[[1. 0. 0. 0.]\n",
      " [0. 1. 0. 0.]\n",
      " [0. 0. 1. 0.]\n",
      " [0. 0. 0. 1.]]\n",
      "  id=4\n",
      "[[-0.97244721  0.15937183  0.17013832 -0.58156205]\n",
      " [ 0.18043495  0.05242796  0.98218865 -0.71534656]\n",
      " [ 0.1476132   0.98582551 -0.07973967  0.075     ]\n",
      " [ 0.          0.          0.          1.        ]]\n",
      "  id=5\n",
      "[[-0.45176902 -0.78065377  0.43183846 -1.4760815 ]\n",
      " [-0.36350773  0.6031213   0.71000481 -0.8413568 ]\n",
      " [-0.8147189   0.16378156 -0.55624519  0.43905072]\n",
      " [ 0.          0.          0.          1.        ]]\n",
      "CAMERAS:\n",
      "  cam=kreo1\n",
      "[[ 0.97482885 -0.20077428  0.09694535  0.35522528]\n",
      " [-0.20304517 -0.61985097  0.75799567 -1.27280518]\n",
      " [-0.09209437 -0.75860033 -0.64501485  1.85884853]\n",
      " [ 0.          0.          0.          1.        ]]\n",
      "\n",
      "===== NEW SNAPSHOT =====\n",
      "TAGS:\n",
      "  id=1\n",
      "[[1. 0. 0. 0.]\n",
      " [0. 1. 0. 0.]\n",
      " [0. 0. 1. 0.]\n",
      " [0. 0. 0. 1.]]\n",
      "  id=4\n",
      "[[-0.97244721  0.15937183  0.17013832 -0.58156205]\n",
      " [ 0.18043495  0.05242796  0.98218865 -0.71534656]\n",
      " [ 0.1476132   0.98582551 -0.07973967  0.075     ]\n",
      " [ 0.          0.          0.          1.        ]]\n",
      "  id=5\n",
      "[[-0.45176902 -0.78065377  0.43183846 -1.4760815 ]\n",
      " [-0.36350773  0.6031213   0.71000481 -0.8413568 ]\n",
      " [-0.8147189   0.16378156 -0.55624519  0.43905072]\n",
      " [ 0.          0.          0.          1.        ]]\n",
      "CAMERAS:\n",
      "  cam=kreo1\n",
      "[[-0.97343782  0.1706551  -0.1526291  -0.22483688]\n",
      " [ 0.2263769   0.61772407 -0.75310721  1.2792356 ]\n",
      " [-0.03423891 -0.76765475 -0.63994835  2.04919272]\n",
      " [ 0.          0.          0.          1.        ]]\n",
      "\n",
      "===== NEW SNAPSHOT =====\n",
      "TAGS:\n",
      "  id=1\n",
      "[[1. 0. 0. 0.]\n",
      " [0. 1. 0. 0.]\n",
      " [0. 0. 1. 0.]\n",
      " [0. 0. 0. 1.]]\n",
      "  id=4\n",
      "[[-0.97244721  0.15937183  0.17013832 -0.58156205]\n",
      " [ 0.18043495  0.05242796  0.98218865 -0.71534656]\n",
      " [ 0.1476132   0.98582551 -0.07973967  0.075     ]\n",
      " [ 0.          0.          0.          1.        ]]\n",
      "  id=5\n",
      "[[-0.45176902 -0.78065377  0.43183846 -1.4760815 ]\n",
      " [-0.36350773  0.6031213   0.71000481 -0.8413568 ]\n",
      " [-0.8147189   0.16378156 -0.55624519  0.43905072]\n",
      " [ 0.          0.          0.          1.        ]]\n",
      "CAMERAS:\n",
      "  cam=kreo1\n",
      "[[ 0.97578874 -0.19219954  0.10438233  0.33511913]\n",
      " [-0.20338793 -0.62188498  0.75623569 -1.2719525 ]\n",
      " [-0.08043435 -0.75915638 -0.64591943  1.872409  ]\n",
      " [ 0.          0.          0.          1.        ]]\n",
      "\n",
      "===== NEW SNAPSHOT =====\n",
      "TAGS:\n",
      "  id=1\n",
      "[[1. 0. 0. 0.]\n",
      " [0. 1. 0. 0.]\n",
      " [0. 0. 1. 0.]\n",
      " [0. 0. 0. 1.]]\n",
      "  id=4\n",
      "[[-0.97244721  0.15937183  0.17013832 -0.58156205]\n",
      " [ 0.18043495  0.05242796  0.98218865 -0.71534656]\n",
      " [ 0.1476132   0.98582551 -0.07973967  0.075     ]\n",
      " [ 0.          0.          0.          1.        ]]\n",
      "  id=5\n",
      "[[-0.45176902 -0.78065377  0.43183846 -1.4760815 ]\n",
      " [-0.36350773  0.6031213   0.71000481 -0.8413568 ]\n",
      " [-0.8147189   0.16378156 -0.55624519  0.43905072]\n",
      " [ 0.          0.          0.          1.        ]]\n",
      "CAMERAS:\n",
      "  cam=kreo1\n",
      "[[-0.7384616  -0.6527965   0.16891181 -1.58755524]\n",
      " [ 0.64146604 -0.75732066 -0.12242033 -1.25544214]\n",
      " [ 0.20783596  0.01794848  0.97799901 -2.44794941]\n",
      " [ 0.          0.          0.          1.        ]]\n",
      "\n",
      "===== NEW SNAPSHOT =====\n",
      "TAGS:\n",
      "  id=1\n",
      "[[1. 0. 0. 0.]\n",
      " [0. 1. 0. 0.]\n",
      " [0. 0. 1. 0.]\n",
      " [0. 0. 0. 1.]]\n",
      "  id=4\n",
      "[[-0.97244721  0.15937183  0.17013832 -0.58156205]\n",
      " [ 0.18043495  0.05242796  0.98218865 -0.71534656]\n",
      " [ 0.1476132   0.98582551 -0.07973967  0.075     ]\n",
      " [ 0.          0.          0.          1.        ]]\n",
      "  id=5\n",
      "[[-0.45176902 -0.78065377  0.43183846 -1.4760815 ]\n",
      " [-0.36350773  0.6031213   0.71000481 -0.8413568 ]\n",
      " [-0.8147189   0.16378156 -0.55624519  0.43905072]\n",
      " [ 0.          0.          0.          1.        ]]\n",
      "CAMERAS:\n",
      "  cam=kreo1\n",
      "[[-0.7384616  -0.6527965   0.16891181 -1.58755524]\n",
      " [ 0.64146604 -0.75732066 -0.12242033 -1.25544214]\n",
      " [ 0.20783596  0.01794848  0.97799901 -2.44794941]\n",
      " [ 0.          0.          0.          1.        ]]\n",
      "\n",
      "===== NEW SNAPSHOT =====\n",
      "TAGS:\n",
      "  id=1\n",
      "[[1. 0. 0. 0.]\n",
      " [0. 1. 0. 0.]\n",
      " [0. 0. 1. 0.]\n",
      " [0. 0. 0. 1.]]\n",
      "  id=4\n",
      "[[-0.97244721  0.15937183  0.17013832 -0.58156205]\n",
      " [ 0.18043495  0.05242796  0.98218865 -0.71534656]\n",
      " [ 0.1476132   0.98582551 -0.07973967  0.075     ]\n",
      " [ 0.          0.          0.          1.        ]]\n",
      "  id=5\n",
      "[[-0.45176902 -0.78065377  0.43183846 -1.4760815 ]\n",
      " [-0.36350773  0.6031213   0.71000481 -0.8413568 ]\n",
      " [-0.8147189   0.16378156 -0.55624519  0.43905072]\n",
      " [ 0.          0.          0.          1.        ]]\n",
      "CAMERAS:\n",
      "  cam=kreo1\n",
      "[[ 0.97453171 -0.19583083  0.10926222  0.32610079]\n",
      " [-0.20853084 -0.61217158  0.76273249 -1.29455673]\n",
      " [-0.08247931 -0.76609154 -0.63741738  1.85777327]\n",
      " [ 0.          0.          0.          1.        ]]\n",
      "\n",
      "===== NEW SNAPSHOT =====\n",
      "TAGS:\n",
      "  id=1\n",
      "[[1. 0. 0. 0.]\n",
      " [0. 1. 0. 0.]\n",
      " [0. 0. 1. 0.]\n",
      " [0. 0. 0. 1.]]\n",
      "  id=4\n",
      "[[-0.97244721  0.15937183  0.17013832 -0.58156205]\n",
      " [ 0.18043495  0.05242796  0.98218865 -0.71534656]\n",
      " [ 0.1476132   0.98582551 -0.07973967  0.075     ]\n",
      " [ 0.          0.          0.          1.        ]]\n",
      "  id=5\n",
      "[[-0.45176902 -0.78065377  0.43183846 -1.4760815 ]\n",
      " [-0.36350773  0.6031213   0.71000481 -0.8413568 ]\n",
      " [-0.8147189   0.16378156 -0.55624519  0.43905072]\n",
      " [ 0.          0.          0.          1.        ]]\n",
      "CAMERAS:\n",
      "  cam=kreo1\n",
      "[[-0.97385847  0.17308474 -0.14710998 -0.23702423]\n",
      " [ 0.22266323  0.59921129 -0.76900385  1.35411641]\n",
      " [-0.04495287 -0.7816569  -0.6220866   2.02497942]\n",
      " [ 0.          0.          0.          1.        ]]\n",
      "\n",
      "===== NEW SNAPSHOT =====\n",
      "TAGS:\n",
      "  id=1\n",
      "[[1. 0. 0. 0.]\n",
      " [0. 1. 0. 0.]\n",
      " [0. 0. 1. 0.]\n",
      " [0. 0. 0. 1.]]\n",
      "  id=4\n",
      "[[-0.97244721  0.15937183  0.17013832 -0.58156205]\n",
      " [ 0.18043495  0.05242796  0.98218865 -0.71534656]\n",
      " [ 0.1476132   0.98582551 -0.07973967  0.075     ]\n",
      " [ 0.          0.          0.          1.        ]]\n",
      "  id=5\n",
      "[[-0.45176902 -0.78065377  0.43183846 -1.4760815 ]\n",
      " [-0.36350773  0.6031213   0.71000481 -0.8413568 ]\n",
      " [-0.8147189   0.16378156 -0.55624519  0.43905072]\n",
      " [ 0.          0.          0.          1.        ]]\n",
      "CAMERAS:\n",
      "  cam=kreo1\n",
      "[[ 0.97699661 -0.18806613  0.10054234  0.34181437]\n",
      " [-0.19861415 -0.6307695   0.7501215  -1.25395927]\n",
      " [-0.0776534  -0.75283529 -0.65361225  1.89100442]\n",
      " [ 0.          0.          0.          1.        ]]\n",
      "\n",
      "===== NEW SNAPSHOT =====\n",
      "TAGS:\n",
      "  id=1\n",
      "[[1. 0. 0. 0.]\n",
      " [0. 1. 0. 0.]\n",
      " [0. 0. 1. 0.]\n",
      " [0. 0. 0. 1.]]\n",
      "  id=4\n",
      "[[-0.97244721  0.15937183  0.17013832 -0.58156205]\n",
      " [ 0.18043495  0.05242796  0.98218865 -0.71534656]\n",
      " [ 0.1476132   0.98582551 -0.07973967  0.075     ]\n",
      " [ 0.          0.          0.          1.        ]]\n",
      "  id=5\n",
      "[[-0.45176902 -0.78065377  0.43183846 -1.4760815 ]\n",
      " [-0.36350773  0.6031213   0.71000481 -0.8413568 ]\n",
      " [-0.8147189   0.16378156 -0.55624519  0.43905072]\n",
      " [ 0.          0.          0.          1.        ]]\n",
      "CAMERAS:\n",
      "  cam=kreo1\n",
      "[[-0.97544842  0.16726669 -0.14325587 -0.24638105]\n",
      " [ 0.2156775   0.59400884 -0.77500755  1.37468072]\n",
      " [-0.0445377  -0.78687696 -0.61550065  2.00982407]\n",
      " [ 0.          0.          0.          1.        ]]\n",
      "\n",
      "===== NEW SNAPSHOT =====\n",
      "TAGS:\n",
      "  id=1\n",
      "[[1. 0. 0. 0.]\n",
      " [0. 1. 0. 0.]\n",
      " [0. 0. 1. 0.]\n",
      " [0. 0. 0. 1.]]\n",
      "  id=4\n",
      "[[-0.97244721  0.15937183  0.17013832 -0.58156205]\n",
      " [ 0.18043495  0.05242796  0.98218865 -0.71534656]\n",
      " [ 0.1476132   0.98582551 -0.07973967  0.075     ]\n",
      " [ 0.          0.          0.          1.        ]]\n",
      "  id=5\n",
      "[[-0.45176902 -0.78065377  0.43183846 -1.4760815 ]\n",
      " [-0.36350773  0.6031213   0.71000481 -0.8413568 ]\n",
      " [-0.8147189   0.16378156 -0.55624519  0.43905072]\n",
      " [ 0.          0.          0.          1.        ]]\n",
      "CAMERAS:\n",
      "  cam=kreo1\n",
      "[[ 0.97496164 -0.19082997  0.1141653   0.31215933]\n",
      " [-0.20948975 -0.61598328  0.7593936  -1.28253068]\n",
      " [-0.07459114 -0.7642961  -0.64053699  1.86304785]\n",
      " [ 0.          0.          0.          1.        ]]\n",
      "\n",
      "===== NEW SNAPSHOT =====\n",
      "TAGS:\n",
      "  id=1\n",
      "[[1. 0. 0. 0.]\n",
      " [0. 1. 0. 0.]\n",
      " [0. 0. 1. 0.]\n",
      " [0. 0. 0. 1.]]\n",
      "  id=4\n",
      "[[-0.97244721  0.15937183  0.17013832 -0.58156205]\n",
      " [ 0.18043495  0.05242796  0.98218865 -0.71534656]\n",
      " [ 0.1476132   0.98582551 -0.07973967  0.075     ]\n",
      " [ 0.          0.          0.          1.        ]]\n",
      "  id=5\n",
      "[[-0.45176902 -0.78065377  0.43183846 -1.4760815 ]\n",
      " [-0.36350773  0.6031213   0.71000481 -0.8413568 ]\n",
      " [-0.8147189   0.16378156 -0.55624519  0.43905072]\n",
      " [ 0.          0.          0.          1.        ]]\n",
      "CAMERAS:\n",
      "  cam=kreo1\n",
      "[[-0.97369444  0.1692337  -0.1525749  -0.22219738]\n",
      " [ 0.22481569  0.60447273 -0.76424514  1.32597712]\n",
      " [-0.03710867 -0.77844247 -0.62661812  2.02595598]\n",
      " [ 0.          0.          0.          1.        ]]\n",
      "\n",
      "===== NEW SNAPSHOT =====\n",
      "TAGS:\n",
      "  id=1\n",
      "[[1. 0. 0. 0.]\n",
      " [0. 1. 0. 0.]\n",
      " [0. 0. 1. 0.]\n",
      " [0. 0. 0. 1.]]\n",
      "  id=4\n",
      "[[-0.97244721  0.15937183  0.17013832 -0.58156205]\n",
      " [ 0.18043495  0.05242796  0.98218865 -0.71534656]\n",
      " [ 0.1476132   0.98582551 -0.07973967  0.075     ]\n",
      " [ 0.          0.          0.          1.        ]]\n",
      "  id=5\n",
      "[[-0.45176902 -0.78065377  0.43183846 -1.4760815 ]\n",
      " [-0.36350773  0.6031213   0.71000481 -0.8413568 ]\n",
      " [-0.8147189   0.16378156 -0.55624519  0.43905072]\n",
      " [ 0.          0.          0.          1.        ]]\n",
      "CAMERAS:\n",
      "  cam=kreo1\n",
      "[[-0.96923637  0.19069806 -0.15561204 -0.21570793]\n",
      " [ 0.24097334  0.60644751 -0.75772902  1.32506512]\n",
      " [-0.05012692 -0.77191688 -0.63374413  2.05907261]\n",
      " [ 0.          0.          0.          1.        ]]\n",
      "\n",
      "===== NEW SNAPSHOT =====\n",
      "TAGS:\n",
      "  id=1\n",
      "[[1. 0. 0. 0.]\n",
      " [0. 1. 0. 0.]\n",
      " [0. 0. 1. 0.]\n",
      " [0. 0. 0. 1.]]\n",
      "  id=4\n",
      "[[-0.97244721  0.15937183  0.17013832 -0.58156205]\n",
      " [ 0.18043495  0.05242796  0.98218865 -0.71534656]\n",
      " [ 0.1476132   0.98582551 -0.07973967  0.075     ]\n",
      " [ 0.          0.          0.          1.        ]]\n",
      "  id=5\n",
      "[[-0.45176902 -0.78065377  0.43183846 -1.4760815 ]\n",
      " [-0.36350773  0.6031213   0.71000481 -0.8413568 ]\n",
      " [-0.8147189   0.16378156 -0.55624519  0.43905072]\n",
      " [ 0.          0.          0.          1.        ]]\n",
      "CAMERAS:\n",
      "  cam=kreo1\n",
      "[[ 0.97534416 -0.19670358  0.10005734  0.34846865]\n",
      " [-0.20376424 -0.62854006  0.75061144 -1.26126407]\n",
      " [-0.08475791 -0.75249259 -0.65312403  1.89013088]\n",
      " [ 0.          0.          0.          1.        ]]\n",
      "\n",
      "===== NEW SNAPSHOT =====\n",
      "TAGS:\n",
      "  id=1\n",
      "[[1. 0. 0. 0.]\n",
      " [0. 1. 0. 0.]\n",
      " [0. 0. 1. 0.]\n",
      " [0. 0. 0. 1.]]\n",
      "  id=4\n",
      "[[-0.97244721  0.15937183  0.17013832 -0.58156205]\n",
      " [ 0.18043495  0.05242796  0.98218865 -0.71534656]\n",
      " [ 0.1476132   0.98582551 -0.07973967  0.075     ]\n",
      " [ 0.          0.          0.          1.        ]]\n",
      "  id=5\n",
      "[[-0.45176902 -0.78065377  0.43183846 -1.4760815 ]\n",
      " [-0.36350773  0.6031213   0.71000481 -0.8413568 ]\n",
      " [-0.8147189   0.16378156 -0.55624519  0.43905072]\n",
      " [ 0.          0.          0.          1.        ]]\n",
      "CAMERAS:\n",
      "  cam=kreo1\n",
      "[[-0.97471403  0.17122804 -0.14357411 -0.24581757]\n",
      " [ 0.21839105  0.59394316 -0.77429766  1.37639365]\n",
      " [-0.04730661 -0.78607409 -0.61631941  2.01526065]\n",
      " [ 0.          0.          0.          1.        ]]\n",
      "\n",
      "===== NEW SNAPSHOT =====\n",
      "TAGS:\n",
      "  id=1\n",
      "[[1. 0. 0. 0.]\n",
      " [0. 1. 0. 0.]\n",
      " [0. 0. 1. 0.]\n",
      " [0. 0. 0. 1.]]\n",
      "  id=4\n",
      "[[-0.97244721  0.15937183  0.17013832 -0.58156205]\n",
      " [ 0.18043495  0.05242796  0.98218865 -0.71534656]\n",
      " [ 0.1476132   0.98582551 -0.07973967  0.075     ]\n",
      " [ 0.          0.          0.          1.        ]]\n",
      "  id=5\n",
      "[[-0.45176902 -0.78065377  0.43183846 -1.4760815 ]\n",
      " [-0.36350773  0.6031213   0.71000481 -0.8413568 ]\n",
      " [-0.8147189   0.16378156 -0.55624519  0.43905072]\n",
      " [ 0.          0.          0.          1.        ]]\n",
      "CAMERAS:\n",
      "  cam=kreo1\n",
      "[[ 0.97495316 -0.19367675  0.10934194  0.32591058]\n",
      " [-0.20822967 -0.62213055  0.75471451 -1.27367567]\n",
      " [-0.07814569 -0.75857953 -0.64687739  1.87962812]\n",
      " [ 0.          0.          0.          1.        ]]\n",
      "\n",
      "===== NEW SNAPSHOT =====\n",
      "TAGS:\n",
      "  id=1\n",
      "[[1. 0. 0. 0.]\n",
      " [0. 1. 0. 0.]\n",
      " [0. 0. 1. 0.]\n",
      " [0. 0. 0. 1.]]\n",
      "  id=4\n",
      "[[-0.97244721  0.15937183  0.17013832 -0.58156205]\n",
      " [ 0.18043495  0.05242796  0.98218865 -0.71534656]\n",
      " [ 0.1476132   0.98582551 -0.07973967  0.075     ]\n",
      " [ 0.          0.          0.          1.        ]]\n",
      "  id=5\n",
      "[[-0.45176902 -0.78065377  0.43183846 -1.4760815 ]\n",
      " [-0.36350773  0.6031213   0.71000481 -0.8413568 ]\n",
      " [-0.8147189   0.16378156 -0.55624519  0.43905072]\n",
      " [ 0.          0.          0.          1.        ]]\n",
      "CAMERAS:\n",
      "  cam=kreo1\n",
      "[[-0.97532995  0.16897666 -0.1420506  -0.2495759 ]\n",
      " [ 0.21588316  0.59570539 -0.77364691  1.37454082]\n",
      " [-0.04610796 -0.78522734 -0.61748853  2.01865933]\n",
      " [ 0.          0.          0.          1.        ]]\n",
      "\n",
      "===== NEW SNAPSHOT =====\n",
      "TAGS:\n",
      "  id=1\n",
      "[[1. 0. 0. 0.]\n",
      " [0. 1. 0. 0.]\n",
      " [0. 0. 1. 0.]\n",
      " [0. 0. 0. 1.]]\n",
      "  id=4\n",
      "[[-0.97244721  0.15937183  0.17013832 -0.58156205]\n",
      " [ 0.18043495  0.05242796  0.98218865 -0.71534656]\n",
      " [ 0.1476132   0.98582551 -0.07973967  0.075     ]\n",
      " [ 0.          0.          0.          1.        ]]\n",
      "  id=5\n",
      "[[-0.45176902 -0.78065377  0.43183846 -1.4760815 ]\n",
      " [-0.36350773  0.6031213   0.71000481 -0.8413568 ]\n",
      " [-0.8147189   0.16378156 -0.55624519  0.43905072]\n",
      " [ 0.          0.          0.          1.        ]]\n",
      "CAMERAS:\n",
      "  cam=kreo1\n",
      "[[-0.72798527 -0.65967937  0.18670988 -1.64548774]\n",
      " [ 0.65053455 -0.75062194 -0.11563519 -1.27523509]\n",
      " [ 0.21643068  0.03728052  0.97558594 -2.41577817]\n",
      " [ 0.          0.          0.          1.        ]]\n",
      "\n",
      "===== NEW SNAPSHOT =====\n",
      "TAGS:\n",
      "  id=1\n",
      "[[1. 0. 0. 0.]\n",
      " [0. 1. 0. 0.]\n",
      " [0. 0. 1. 0.]\n",
      " [0. 0. 0. 1.]]\n",
      "  id=4\n",
      "[[-0.97244721  0.15937183  0.17013832 -0.58156205]\n",
      " [ 0.18043495  0.05242796  0.98218865 -0.71534656]\n",
      " [ 0.1476132   0.98582551 -0.07973967  0.075     ]\n",
      " [ 0.          0.          0.          1.        ]]\n",
      "  id=5\n",
      "[[-0.45176902 -0.78065377  0.43183846 -1.4760815 ]\n",
      " [-0.36350773  0.6031213   0.71000481 -0.8413568 ]\n",
      " [-0.8147189   0.16378156 -0.55624519  0.43905072]\n",
      " [ 0.          0.          0.          1.        ]]\n",
      "CAMERAS:\n",
      "  cam=kreo1\n",
      "[[-0.97433273  0.16638675 -0.1516284  -0.22681639]\n",
      " [ 0.22285742  0.61783502 -0.75406529  1.28153433]\n",
      " [-0.03178514 -0.76850201 -0.6390574   2.04644734]\n",
      " [ 0.          0.          0.          1.        ]]\n",
      "\n",
      "===== NEW SNAPSHOT =====\n",
      "TAGS:\n",
      "  id=1\n",
      "[[1. 0. 0. 0.]\n",
      " [0. 1. 0. 0.]\n",
      " [0. 0. 1. 0.]\n",
      " [0. 0. 0. 1.]]\n",
      "  id=4\n",
      "[[-0.97244721  0.15937183  0.17013832 -0.58156205]\n",
      " [ 0.18043495  0.05242796  0.98218865 -0.71534656]\n",
      " [ 0.1476132   0.98582551 -0.07973967  0.075     ]\n",
      " [ 0.          0.          0.          1.        ]]\n",
      "  id=5\n",
      "[[-0.45176902 -0.78065377  0.43183846 -1.4760815 ]\n",
      " [-0.36350773  0.6031213   0.71000481 -0.8413568 ]\n",
      " [-0.8147189   0.16378156 -0.55624519  0.43905072]\n",
      " [ 0.          0.          0.          1.        ]]\n",
      "CAMERAS:\n",
      "  cam=kreo1\n",
      "[[-0.7384616  -0.6527965   0.16891181 -1.58755524]\n",
      " [ 0.64146604 -0.75732066 -0.12242033 -1.25544214]\n",
      " [ 0.20783596  0.01794848  0.97799901 -2.44794941]\n",
      " [ 0.          0.          0.          1.        ]]\n",
      "\n",
      "===== NEW SNAPSHOT =====\n",
      "TAGS:\n",
      "  id=1\n",
      "[[1. 0. 0. 0.]\n",
      " [0. 1. 0. 0.]\n",
      " [0. 0. 1. 0.]\n",
      " [0. 0. 0. 1.]]\n",
      "  id=4\n",
      "[[-0.97244721  0.15937183  0.17013832 -0.58156205]\n",
      " [ 0.18043495  0.05242796  0.98218865 -0.71534656]\n",
      " [ 0.1476132   0.98582551 -0.07973967  0.075     ]\n",
      " [ 0.          0.          0.          1.        ]]\n",
      "  id=5\n",
      "[[-0.45176902 -0.78065377  0.43183846 -1.4760815 ]\n",
      " [-0.36350773  0.6031213   0.71000481 -0.8413568 ]\n",
      " [-0.8147189   0.16378156 -0.55624519  0.43905072]\n",
      " [ 0.          0.          0.          1.        ]]\n",
      "CAMERAS:\n",
      "  cam=kreo1\n",
      "[[ 0.97597544 -0.19258309  0.1019004   0.33925895]\n",
      " [-0.20092675 -0.61465682  0.76277483 -1.28511448]\n",
      " [-0.08426375 -0.76492402 -0.63858505  1.85222858]\n",
      " [ 0.          0.          0.          1.        ]]\n",
      "\n",
      "===== NEW SNAPSHOT =====\n",
      "TAGS:\n",
      "  id=1\n",
      "[[1. 0. 0. 0.]\n",
      " [0. 1. 0. 0.]\n",
      " [0. 0. 1. 0.]\n",
      " [0. 0. 0. 1.]]\n",
      "  id=4\n",
      "[[-0.97244721  0.15937183  0.17013832 -0.58156205]\n",
      " [ 0.18043495  0.05242796  0.98218865 -0.71534656]\n",
      " [ 0.1476132   0.98582551 -0.07973967  0.075     ]\n",
      " [ 0.          0.          0.          1.        ]]\n",
      "  id=5\n",
      "[[-0.45176902 -0.78065377  0.43183846 -1.4760815 ]\n",
      " [-0.36350773  0.6031213   0.71000481 -0.8413568 ]\n",
      " [-0.8147189   0.16378156 -0.55624519  0.43905072]\n",
      " [ 0.          0.          0.          1.        ]]\n",
      "CAMERAS:\n",
      "  cam=kreo1\n",
      "[[-0.98970987 -0.07881432 -0.11942647 -0.26077556]\n",
      " [ 0.13122075 -0.83273637 -0.53789521  1.00911289]\n",
      " [-0.05705692 -0.54803143  0.83450948 -2.18340919]\n",
      " [ 0.          0.          0.          1.        ]]\n",
      "\n",
      "===== NEW SNAPSHOT =====\n",
      "TAGS:\n",
      "  id=1\n",
      "[[1. 0. 0. 0.]\n",
      " [0. 1. 0. 0.]\n",
      " [0. 0. 1. 0.]\n",
      " [0. 0. 0. 1.]]\n",
      "  id=4\n",
      "[[-0.97244721  0.15937183  0.17013832 -0.58156205]\n",
      " [ 0.18043495  0.05242796  0.98218865 -0.71534656]\n",
      " [ 0.1476132   0.98582551 -0.07973967  0.075     ]\n",
      " [ 0.          0.          0.          1.        ]]\n",
      "  id=5\n",
      "[[-0.45176902 -0.78065377  0.43183846 -1.4760815 ]\n",
      " [-0.36350773  0.6031213   0.71000481 -0.8413568 ]\n",
      " [-0.8147189   0.16378156 -0.55624519  0.43905072]\n",
      " [ 0.          0.          0.          1.        ]]\n",
      "CAMERAS:\n",
      "  cam=kreo1\n",
      "[[-0.7384616  -0.6527965   0.16891181 -1.58755524]\n",
      " [ 0.64146604 -0.75732066 -0.12242033 -1.25544214]\n",
      " [ 0.20783596  0.01794848  0.97799901 -2.44794941]\n",
      " [ 0.          0.          0.          1.        ]]\n",
      "\n",
      "===== NEW SNAPSHOT =====\n",
      "TAGS:\n",
      "  id=1\n",
      "[[1. 0. 0. 0.]\n",
      " [0. 1. 0. 0.]\n",
      " [0. 0. 1. 0.]\n",
      " [0. 0. 0. 1.]]\n",
      "  id=4\n",
      "[[-0.97244721  0.15937183  0.17013832 -0.58156205]\n",
      " [ 0.18043495  0.05242796  0.98218865 -0.71534656]\n",
      " [ 0.1476132   0.98582551 -0.07973967  0.075     ]\n",
      " [ 0.          0.          0.          1.        ]]\n",
      "  id=5\n",
      "[[-0.45176902 -0.78065377  0.43183846 -1.4760815 ]\n",
      " [-0.36350773  0.6031213   0.71000481 -0.8413568 ]\n",
      " [-0.8147189   0.16378156 -0.55624519  0.43905072]\n",
      " [ 0.          0.          0.          1.        ]]\n",
      "CAMERAS:\n",
      "  cam=kreo1\n",
      "[[ 0.97627885 -0.19125296  0.10149835  0.34053898]\n",
      " [-0.20059762 -0.62253052  0.75644983 -1.2704933 ]\n",
      " [-0.08148745 -0.7588663  -0.64612827  1.87164062]\n",
      " [ 0.          0.          0.          1.        ]]\n",
      "\n",
      "===== NEW SNAPSHOT =====\n",
      "TAGS:\n",
      "  id=1\n",
      "[[1. 0. 0. 0.]\n",
      " [0. 1. 0. 0.]\n",
      " [0. 0. 1. 0.]\n",
      " [0. 0. 0. 1.]]\n",
      "  id=4\n",
      "[[-0.97244721  0.15937183  0.17013832 -0.58156205]\n",
      " [ 0.18043495  0.05242796  0.98218865 -0.71534656]\n",
      " [ 0.1476132   0.98582551 -0.07973967  0.075     ]\n",
      " [ 0.          0.          0.          1.        ]]\n",
      "  id=5\n",
      "[[-0.45176902 -0.78065377  0.43183846 -1.4760815 ]\n",
      " [-0.36350773  0.6031213   0.71000481 -0.8413568 ]\n",
      " [-0.8147189   0.16378156 -0.55624519  0.43905072]\n",
      " [ 0.          0.          0.          1.        ]]\n",
      "CAMERAS:\n",
      "  cam=kreo1\n",
      "[[-0.97507851  0.16697509 -0.14608637 -0.23822079]\n",
      " [ 0.21791827  0.59724814 -0.77188489  1.36416474]\n",
      " [-0.04163574 -0.78448325 -0.61875075  2.01774212]\n",
      " [ 0.          0.          0.          1.        ]]\n",
      "\n",
      "===== NEW SNAPSHOT =====\n",
      "TAGS:\n",
      "  id=1\n",
      "[[1. 0. 0. 0.]\n",
      " [0. 1. 0. 0.]\n",
      " [0. 0. 1. 0.]\n",
      " [0. 0. 0. 1.]]\n",
      "  id=4\n",
      "[[-0.97244721  0.15937183  0.17013832 -0.58156205]\n",
      " [ 0.18043495  0.05242796  0.98218865 -0.71534656]\n",
      " [ 0.1476132   0.98582551 -0.07973967  0.075     ]\n",
      " [ 0.          0.          0.          1.        ]]\n",
      "  id=5\n",
      "[[-0.45176902 -0.78065377  0.43183846 -1.4760815 ]\n",
      " [-0.36350773  0.6031213   0.71000481 -0.8413568 ]\n",
      " [-0.8147189   0.16378156 -0.55624519  0.43905072]\n",
      " [ 0.          0.          0.          1.        ]]\n",
      "CAMERAS:\n",
      "  cam=kreo1\n",
      "[[-0.7384616  -0.6527965   0.16891181 -1.58755524]\n",
      " [ 0.64146604 -0.75732066 -0.12242033 -1.25544214]\n",
      " [ 0.20783596  0.01794848  0.97799901 -2.44794941]\n",
      " [ 0.          0.          0.          1.        ]]\n",
      "\n",
      "===== NEW SNAPSHOT =====\n",
      "TAGS:\n",
      "  id=1\n",
      "[[1. 0. 0. 0.]\n",
      " [0. 1. 0. 0.]\n",
      " [0. 0. 1. 0.]\n",
      " [0. 0. 0. 1.]]\n",
      "  id=4\n",
      "[[-0.97244721  0.15937183  0.17013832 -0.58156205]\n",
      " [ 0.18043495  0.05242796  0.98218865 -0.71534656]\n",
      " [ 0.1476132   0.98582551 -0.07973967  0.075     ]\n",
      " [ 0.          0.          0.          1.        ]]\n",
      "  id=5\n",
      "[[-0.45176902 -0.78065377  0.43183846 -1.4760815 ]\n",
      " [-0.36350773  0.6031213   0.71000481 -0.8413568 ]\n",
      " [-0.8147189   0.16378156 -0.55624519  0.43905072]\n",
      " [ 0.          0.          0.          1.        ]]\n",
      "CAMERAS:\n",
      "  cam=kreo1\n",
      "[[ 0.9762896  -0.18883572  0.10582855  0.32999272]\n",
      " [-0.2027188  -0.62610702  0.75292436 -1.26289646]\n",
      " [-0.07591902 -0.75652566 -0.64954232  1.88252484]\n",
      " [ 0.          0.          0.          1.        ]]\n",
      "\n",
      "===== NEW SNAPSHOT =====\n",
      "TAGS:\n",
      "  id=1\n",
      "[[1. 0. 0. 0.]\n",
      " [0. 1. 0. 0.]\n",
      " [0. 0. 1. 0.]\n",
      " [0. 0. 0. 1.]]\n",
      "  id=4\n",
      "[[-0.97244721  0.15937183  0.17013832 -0.58156205]\n",
      " [ 0.18043495  0.05242796  0.98218865 -0.71534656]\n",
      " [ 0.1476132   0.98582551 -0.07973967  0.075     ]\n",
      " [ 0.          0.          0.          1.        ]]\n",
      "  id=5\n",
      "[[-0.45176902 -0.78065377  0.43183846 -1.4760815 ]\n",
      " [-0.36350773  0.6031213   0.71000481 -0.8413568 ]\n",
      " [-0.8147189   0.16378156 -0.55624519  0.43905072]\n",
      " [ 0.          0.          0.          1.        ]]\n",
      "CAMERAS:\n",
      "  cam=kreo1\n",
      "[[-0.98979332 -0.07934272 -0.11838036 -0.26322798]\n",
      " [ 0.13137101 -0.82995042 -0.54214754  1.02231651]\n",
      " [-0.05523437 -0.55216577  0.83190272 -2.17726786]\n",
      " [ 0.          0.          0.          1.        ]]\n",
      "\n",
      "===== NEW SNAPSHOT =====\n",
      "TAGS:\n",
      "  id=1\n",
      "[[1. 0. 0. 0.]\n",
      " [0. 1. 0. 0.]\n",
      " [0. 0. 1. 0.]\n",
      " [0. 0. 0. 1.]]\n",
      "  id=4\n",
      "[[-0.97244721  0.15937183  0.17013832 -0.58156205]\n",
      " [ 0.18043495  0.05242796  0.98218865 -0.71534656]\n",
      " [ 0.1476132   0.98582551 -0.07973967  0.075     ]\n",
      " [ 0.          0.          0.          1.        ]]\n",
      "  id=5\n",
      "[[-0.45176902 -0.78065377  0.43183846 -1.4760815 ]\n",
      " [-0.36350773  0.6031213   0.71000481 -0.8413568 ]\n",
      " [-0.8147189   0.16378156 -0.55624519  0.43905072]\n",
      " [ 0.          0.          0.          1.        ]]\n",
      "CAMERAS:\n",
      "  cam=kreo1\n",
      "[[ 0.97535201 -0.19292477  0.10709107  0.33389926]\n",
      " [-0.2088457  -0.65049573  0.73023201 -1.2154691 ]\n",
      " [-0.07121756 -0.73459876 -0.67475382  1.94827153]\n",
      " [ 0.          0.          0.          1.        ]]\n",
      "\n",
      "===== NEW SNAPSHOT =====\n",
      "TAGS:\n",
      "  id=1\n",
      "[[1. 0. 0. 0.]\n",
      " [0. 1. 0. 0.]\n",
      " [0. 0. 1. 0.]\n",
      " [0. 0. 0. 1.]]\n",
      "  id=4\n",
      "[[-0.97244721  0.15937183  0.17013832 -0.58156205]\n",
      " [ 0.18043495  0.05242796  0.98218865 -0.71534656]\n",
      " [ 0.1476132   0.98582551 -0.07973967  0.075     ]\n",
      " [ 0.          0.          0.          1.        ]]\n",
      "  id=5\n",
      "[[-0.45176902 -0.78065377  0.43183846 -1.4760815 ]\n",
      " [-0.36350773  0.6031213   0.71000481 -0.8413568 ]\n",
      " [-0.8147189   0.16378156 -0.55624519  0.43905072]\n",
      " [ 0.          0.          0.          1.        ]]\n",
      "CAMERAS:\n",
      "  cam=kreo1\n",
      "[[-0.7384616  -0.6527965   0.16891181 -1.58755524]\n",
      " [ 0.64146604 -0.75732066 -0.12242033 -1.25544214]\n",
      " [ 0.20783596  0.01794848  0.97799901 -2.44794941]\n",
      " [ 0.          0.          0.          1.        ]]\n",
      "\n",
